https://instametrica.com/report/selenagomez
01/13/19	144,453,584 
01/12/19	144,453,706 
01/11/19	144,443,577 
01/10/19	144,437,822 
01/09/19	144,457,712 
01/08/19	144,472,889 
01/07/19	144,473,771 
01/06/19	144,479,443 
01/05/19	144,492,168 
01/04/19	144,495,507 
01/03/19	144,497,572 
01/02/19	144,514,223 
01/01/19	144,517,366 
12/31/18	144,513,751 
12/30/18	144,512,367 
12/29/18	144,505,656 
12/28/18	144,509,146 
12/27/18	144,511,172 
12/26/18	144,511,913 
12/25/18	144,509,884 
12/24/18	144,505,310 
12/23/18	144,505,751 
12/22/18	144,500,455 
12/21/18	144,505,226 
12/20/18	144,508,814 
12/19/18	144,504,230 
12/18/18	144,509,221 
12/17/18	144,519,882 
12/16/18	144,527,617 
12/15/18	144,538,721 
12/14/18	144,542,847 
12/13/18	144,550,746 
12/12/18	144,555,639 
12/11/18	144,552,859 
12/10/18	144,531,534 
12/09/18	144,511,169 
12/08/18	144,483,577 
12/07/18	144,452,299 
12/06/18	144,437,289 
12/05/18	144,437,944 
12/04/18	144,436,385 
12/03/18	144,444,155 
12/02/18	144,446,257 
12/01/18	144,438,802 
11/30/18	144,440,926 
11/29/18	144,442,475 
11/28/18	144,442,100 
11/27/18	144,446,494 
11/26/18	144,446,485 
11/25/18	144,447,900 
11/24/18	144,448,794 
11/23/18	144,451,037 
11/22/18	144,440,607 
11/21/18	144,437,970 
11/20/18	144,436,457 
11/19/18	144,436,814 
11/18/18	144,440,947 
11/17/18	144,441,707 
11/16/18	144,440,039 
11/15/18	144,450,083 
11/14/18	144,456,465 
11/13/18	144,460,895 
11/12/18	144,465,202 
11/11/18	144,466,229 
11/07/18	144,466,891 
11/06/18	144,461,127 
11/05/18	144,464,998 
11/04/18	144,469,220 
11/03/18	144,469,365 
11/02/18	144,460,578 
11/01/18	144,443,144 
10/31/18	144,413,104 
10/30/18	144,347,106 
10/29/18	144,306,260 
10/28/18	144,305,365 
10/27/18	144,312,266 
10/26/18	144,303,312 
10/25/18	144,307,754 
10/24/18	144,306,146 
10/23/18	144,314,947 
10/22/18	144,319,300 
10/21/18	144,320,578 
10/20/18	144,308,555 
10/19/18	144,301,845 
10/18/18	144,297,704 
10/17/18	144,289,600 
10/16/18	144,279,479 
10/15/18	144,264,261 
10/14/18	144,255,595 
10/13/18	144,231,633 
10/12/18	144,195,701 
10/11/18	144,156,129 
10/10/18	144,134,895 
10/09/18	144,142,229 
10/08/18	144,124,079 
10/07/18	144,113,267 
10/06/18	144,097,846 
10/05/18	144,076,146 
10/04/18	144,023,431 
10/03/18	143,981,654 
10/02/18	143,948,713 
10/01/18	143,917,765 
09/30/18	143,862,455 
09/29/18	143,818,048 
09/28/18	143,745,571 
09/27/18	143,712,308 
09/26/18	143,634,468 
09/25/18	143,569,287 
09/24/18	143,507,813 
09/23/18	143,439,664 
09/22/18	143,380,647 
09/21/18	143,317,878 
09/20/18	143,244,234 
09/19/18	143,174,469 
09/18/18	143,128,258 
09/17/18	143,069,321 
09/16/18	143,018,205 
09/15/18	142,938,304 
09/14/18	142,869,997 
09/13/18	142,788,167 
09/12/18	142,698,730 
09/11/18	142,637,034 
09/10/18	142,572,413 
09/09/18	142,466,617 
09/08/18	142,375,687 
09/07/18	142,292,922 
09/06/18	142,228,554 
09/05/18	142,145,086 
09/04/18	142,058,019 
09/03/18	141,981,286 
09/02/18	141,891,295 
09/01/18	141,824,091 
08/31/18	141,758,584 
08/30/18	141,690,473 
08/29/18	141,611,051 
08/28/18	141,542,197 
08/27/18	141,462,028 
08/26/18	141,362,286 
08/25/18	141,194,310 
08/24/18	141,121,132 
08/23/18	141,036,467 
08/22/18	140,946,077 
08/21/18	140,856,858 
08/20/18	140,763,212 
08/19/18	140,684,250 
08/18/18	140,625,487 
08/17/18	140,550,241 
08/16/18	140,498,760 
08/15/18	140,480,834 
08/14/18	140,456,449 
08/13/18	140,428,969 
08/12/18	140,388,743 
08/11/18	140,336,021 
08/10/18	140,277,766 
08/09/18	140,234,090 
08/08/18	140,195,686 
08/07/18	140,177,954 
08/06/18	140,163,545 
08/05/18	140,136,119 
08/04/18	140,102,258 
08/03/18	140,067,585 
08/02/18	140,036,440 
08/01/18	139,952,833 
07/31/18	139,865,621 
07/30/18	139,791,283 
07/29/18	139,718,248 
07/28/18	139,642,323 
07/27/18	139,540,064 
07/26/18	139,458,044 
07/25/18	139,409,196 
07/24/18	139,342,446 
07/23/18	139,271,769 
07/22/18	139,161,832 
07/21/18	139,116,243 
07/20/18	139,067,790 
07/19/18	139,045,184 
07/18/18	139,003,211 
07/17/18	138,974,137 
07/16/18	138,929,678 
07/15/18	138,885,332 
07/14/18	138,851,155 
07/13/18	138,805,247 
07/12/18	138,780,726 
07/11/18	138,723,015 
07/10/18	138,638,405 
07/09/18	138,575,529 
07/08/18	138,544,499 
07/07/18	138,555,973 
07/06/18	138,563,847 
07/05/18	138,600,875 
07/04/18	138,619,143 
07/03/18	138,631,377 
07/02/18	138,645,269 
07/01/18	138,649,288 
06/30/18	138,641,828 
06/29/18	138,633,515 
06/28/18	138,633,738 
06/27/18	138,631,644 
06/26/18	138,630,413 
06/24/18	138,621,589 
06/23/18	138,695,849 
06/22/18	138,653,586 
06/21/18	138,620,816 
06/20/18	138,596,370 
06/19/18	138,488,986 
06/18/18	138,554,410 
06/17/18	138,448,169 
06/16/18	138,503,996 
06/15/18	138,481,439 
06/14/18	138,462,136 
06/13/18	138,436,258 
06/12/18	138,420,959 
06/11/18	138,351,627 - (
06/10/18	138,351,943 
06/09/18	138,307,563 
06/08/18	138,244,215 
06/07/18	138,196,478 
06/06/18	138,175,953 
06/05/18	138,094,307 
06/04/18	138,094,132 
06/03/18	138,057,469 
06/02/18	138,022,539 
06/01/18	138,000,515 
05/31/18	137,996,001 
05/30/18	137,957,879 
05/29/18	137,916,142 
05/28/18	137,869,018 
05/27/18	137,831,689 
05/26/18	137,800,084 
05/25/18	137,754,329 
05/24/18	137,707,214 
05/23/18	137,669,806 
05/22/18	137,625,049 
05/21/18	137,582,118 
05/20/18	137,501,524 
05/19/18	137,449,026 
05/18/18	137,405,113 
05/17/18	137,358,497 
05/16/18	137,324,026 
05/15/18	137,280,960 
05/14/18	137,242,706 
05/13/18	137,204,027 
05/12/18	137,155,130 
05/11/18	137,143,029 
05/10/18	137,069,363 
05/09/18	137,013,054 
05/08/18	136,929,614 
05/07/18	136,885,273 
05/06/18	136,845,972 
05/05/18	136,806,571 
05/04/18	136,775,253 
05/03/18	136,734,156 
05/02/18	136,687,628 
05/01/18	136,650,828 
04/30/18	136,606,350 
04/29/18	136,557,847 
04/28/18	136,509,967 
04/27/18	136,464,172 
04/26/18	136,421,005 
04/25/18	136,374,979 
04/24/18	136,325,614 
04/23/18	136,303,697 
04/22/18	136,277,301 
04/21/18	136,233,730 
04/20/18	136,201,626 
04/19/18	136,176,785 
04/18/18	136,130,258 
04/17/18	136,102,185 
04/16/18	136,071,048 
04/15/18	136,024,901 
04/14/18	135,978,006 
04/13/18	135,945,992 
04/11/18	135,851,128 
04/10/18	135,801,800 
04/09/18	135,755,018 
04/08/18	135,681,899 
04/07/18	135,640,213 
04/06/18	135,569,154 
04/05/18	135,520,543 
04/04/18	135,492,058 
04/03/18	135,469,589 
04/02/18	135,415,074 
04/01/18	135,360,486 
03/31/18	135,297,884 
03/30/18	135,273,983 - (
03/29/18	135,294,603 
03/28/18	135,249,857 
03/27/18	135,209,794 
03/26/18	135,173,284 
03/25/18	135,127,927 
03/24/18	135,122,595 
03/23/18	135,091,016 
03/22/18	135,041,498 
03/21/18	134,990,040 
03/20/18	134,945,191 
03/19/18	134,907,067 
03/18/18	134,875,209 
03/17/18	134,826,834 
03/16/18	134,797,181 
03/15/18	134,762,861 
03/13/18	134,694,582 
03/12/18	134,662,986 
03/11/18	134,617,864 
03/10/18	134,586,240 
03/09/18	134,542,225 
03/08/18	134,504,154 
03/07/18	134,438,917 
03/06/18	134,405,144 
03/05/18	134,359,683 
03/04/18	134,303,167 
03/03/18	134,246,715 
03/02/18	134,178,174 
03/01/18	134,120,169 
02/28/18	134,085,238 
02/27/18	134,058,813 
02/26/18	134,030,100 
02/25/18	134,000,733 
02/24/18	133,958,625 
02/23/18	133,919,747 
02/22/18	133,884,191 
02/21/18	133,837,119 
02/20/18	133,806,817 
02/19/18	133,778,359 
02/18/18	133,738,660 
02/17/18	133,704,570 
02/16/18	133,675,058 
02/15/18	133,646,607 
02/14/18	133,615,475 
02/13/18	133,593,293 
02/12/18	133,553,542 
02/11/18	133,514,622 
02/10/18	133,468,545 
02/09/18	133,430,747 
02/08/18	133,384,495 
02/07/18	133,375,944 
02/06/18	133,347,252 
02/05/18	133,312,226 
02/04/18	133,276,178 
02/03/18	133,243,438 
02/02/18	133,213,220 
02/01/18	133,186,185 
01/31/18	133,158,537 
01/30/18	133,122,578 
01/29/18	133,092,249 
01/28/18	133,061,461 
01/27/18	133,032,712 
01/26/18	133,008,105 
01/25/18	132,982,334 
01/24/18	132,960,233 
01/23/18	132,932,119 
01/22/18	132,900,170 
01/21/18	132,857,450 
01/20/18	132,814,990 
01/19/18	132,778,473 
01/18/18	132,748,921 
01/17/18	132,704,611 
01/16/18	132,671,540 
01/15/18	132,647,214 
01/14/18	132,619,031 
01/13/18	132,584,206 
01/12/18	132,549,944 
01/11/18	132,521,816 
01/10/18	132,503,300 
01/09/18	132,466,946 
01/08/18	132,429,861 
01/07/18	132,388,136 
01/06/18	132,333,055 
01/05/18	132,286,263 
01/04/18	132,240,338 
01/03/18	132,209,809 
01/02/18	132,185,376 
01/01/18	132,160,323